111
508
623
173
348
72
598
15
33
559
474
12
152
510
340
505
472
56
229
317
291
51
248
330
534
337
577
493
125
509
542
601
512
339
20
559
212
137
386
146
608
336
218
417
538
487
512
544
618
338
68
283
232
585
512
204
305
394
108
201
63
253
496
544
257
351
233
459
465
102
88
142
382
613
300
32
447
382
444
106
387
236
60
405
389
255
35
254
193
154
294
42
387
212
434
281
70
15
175
19996
1303
1485
1999
831
1307
1311
1919
773
144
88
1060
1757
988
776
295
932
901
1804
146
153
368
794
682
457
1938
247
758
721
170
123
138
468
1944
517
530
47
585
277
660
617
339
1942
566
594
62
96
41
478
536
316
96
1973
413
414
108
90
491
221
29
155
171
467
1921
342
27
216
116
234
262
59
137
219
95
147
1605
154
458
390
71
17
105
345
305
292
384
29
274
1977
371
365
278
112
31
315
44
170
434
103
133
435
201
1995
347
70
165
304
359
287
220
324
193
103
44
178
247
13
1981
124
250
49
374
176
65
2
177
296
178
225
145
197
321
196
1969
286
303
219
346
167
3
39
108
35
169
189
207
63
236
322
58
1964
126
9
66
217
256
318
222
334
47
267
213
275
96
158
100
258
238
1998
41
252
191
309
59
168
173
36
135
96
179
28
160
325
171
236
36
65
1945
20
108
173
42
244
208
281
205
70
287
185
29
272
231
62
231
95
290
270
1992
80
196
109
190
193
173
90
60
161
256
287
159
0
34
84
30
101
270
24
35
1912
258
259
252
240
111
277
39
271
121
174
223
261
198
155
179
175
156
74
78
43
117
1928
222
234
103
256
235
100
266
258
181
0
46
134
211
131
163
200
255
56
83
201
78
208
1938
247
12
14
195
236
12
145
138
216
36
221
170
177
214
239
136
257
207
64
218
81
166
14
1979
60
139
157
85
52
75
83
126
59
125
54
108
240
80
198
161
58
150
12
30
155
16
208
233
1946
31
26
43
134
57
118
91
107
141
201
203
49
125
14
82
239
40
44
190
20
74
187
99
45
132
1900
228
96
79
13
157
113
112
190
191
157
148
96
177
142
81
92
221
128
55
190
220
209
7
103
64
96
1985
94
93
11
91
178
212
68
59
32
208
126
181
88
102
80
5
168
152
28
39
54
80
56
203
104
136
199
1980
68
19
147
129
157
110
190
58
134
70
85
59
111
134
116
161
33
128
113
161
102
97
21
10
8
214
145
180
1993
110
40
78
159
19
173
185
72
9
8
197
49
118
171
96
122
66
75
27
166
178
130
43
149
196
121
115
45
108
1997
158
7
1
55
54
107
82
49
57
72
64
78
171
34
172
113
40
59
137
125
199
151
128
157
102
102
79
189
128
96
1993
187
7
50
27
121
99
50
74
113
84
122
104
183
182
146
114
108
14
65
55
166
5
128
28
74
158
186
146
158
14
53
1997
127
163
189
43
16
131
29
47
113
129
124
113
106
170
72
90
12
51
155
145
75
133
116
167
46
52
12
1
159
65
8
91
1992
118
111
6
11
162
99
122
36
9
8
118
116
83
94
7
130
92
178
5
122
69
159
109
3
26
131
40
76
16
30
3
79
43
1873
122
5
99
125
53
26
75
135
130
60
176
12
118
3
58
77
123
55
169
92
69
102
160
13
84
151
159
122
80
78
81
116
125
132
1999
36
9
129
44
101
117
150
4
87
78
65
120
79
8
33
146
18
8
141
29
165
12
81
106
0
17
163
75
144
86
1
138
122
56
119
1952
152
1
59
85
137
69
78
125
130
40
143
102
30
145
56
44
24
57
69
33
161
137
95
20
159
138
124
27
148
116
160
24
43
31
63
90
1999
109
33
164
6
126
27
83
84
57
45
103
10
109
138
28
20
130
134
117
118
121
82
75
162
92
100
93
92
53
145
75
161
37
29
96
129
143
1989
41
119
99
154
5
33
117
62
43
20
54
156
74
1
71
112
103
77
140
141
147
85
130
71
111
132
118
21
115
85
57
102
90
28
125
141
121
26
1989
31
104
107
2
128
22
89
37
1
39
16
88
17
42
89
10
41
125
26
114
72
54
102
60
10
46
66
72
83
4
27
42
2
121
48
139
35
91
83
1828
72
121
84
70
129
47
92
96
7
87
62
21
11
60
146
120
3
130
67
14
21
109
62
68
77
17
4
134
98
49
144
109
79
22
94
27
46
33
41
139
1975
54
78
124
7
28
32
32
48
55
64
38
83
56
103
74
134
0
9
57
21
25
2
3
79
115
85
3
14
61
17
67
31
131
95
11
71
116
138
93
13
113
1864
78
141
91
23
87
122
74
90
28
106
33
73
123
0
89
93
90
106
133
137
43
7
115
25
139
52
38
122
97
127
71
56
10
1
64
54
102
137
77
18
99
141
1990
31
109
86
140
2
98
45
84
111
48
27
128
6
17
15
51
135
58
42
38
105
76
140
129
119
39
25
104
54
132
66
93
34
132
99
20
108
124
3
78
33
119
14
1999
0
116
116
107
121
33
47
10
85
133
11
33
114
118
116
137
79
107
65
1
4
40
53
133
117
20
116
70
65
0
84
110
57
100
107
84
95
69
102
126
132
122
23
139
1960
119
78
5
74
100
131
41
133
40
80
99
116
9
54
78
51
44
55
2
90
65
58
31
129
101
41
73
0
94
135
133
13
18
84
103
114
63
90
132
47
110
12
40
133
24
1996
25
40
64
13
38
15
17
9
67
9
27
31
56
125
34
14
67
38
97
6
36
103
29
26
95
124
71
8
133
104
126
101
36
77
67
23
93
118
121
41
15
60
87
64
119
102
1969
110
54
108
96
53
33
31
80
17
31
42
3
91
102
80
95
9
9
9
79
115
1
105
36
84
50
83
74
72
71
43
84
26
93
96
16
122
125
93
113
106
92
70
74
52
45
16
1999
1
56
78
107
73
55
103
55
13
54
48
91
103
110
13
40
116
57
62
41
36
66
32
94
125
28
47
115
7
93
112
55
90
18
59
61
86
109
52
30
123
45
71
50
77
74
19
106
1999
94
32
19
9
123
19
0
89
57
6
33
94
87
103
120
102
3
32
27
16
38
118
116
69
72
1
76
35
5
98
106
33
78
70
32
27
4
107
97
63
53
55
99
83
9
83
8
116
116
1991
9
4
63
84
96
18
16
116
72
67
28
59
46
76
5
36
38
97
48
49
18
12
57
43
42
40
75
19
27
45
115
83
119
47
33
95
47
91
68
85
63
3
85
105
22
6
42
55
48
28
1944
92
45
13
107
30
29
55
109
108
106
44
86
50
52
5
55
58
13
94
57
76
93
5
107
89
64
66
30
82
38
32
5
62
27
65
72
59
56
81
45
93
69
33
38
45
17
21
7
47
36
30
1974
4
6
36
56
34
25
115
68
6
59
27
92
6
93
44
24
23
42
20
11
52
6
32
96
7
46
58
114
34
46
113
24
27
97
21
89
112
81
24
59
27
64
21
21
59
117
24
97
10
80
15
98
1924
38
10
73
108
96
107
75
78
3
104
99
61
76
31
88
27
74
61
112
107
4
106
112
72
109
7
81
83
94
6
54
28
98
27
20
42
69
108
0
95
40
53
1
86
111
61
109
32
32
71
85
31
94
1972
78
101
13
29
66
7
63
91
34
5
3
112
45
24
64
68
26
33
100
86
85
111
88
60
24
54
72
55
26
4
55
65
99
43
35
61
0
22
101
43
74
109
32
19
103
6
68
50
52
82
61
100
26
52
1995
42
17
20
15
41
9
66
68
68
73
98
69
88
34
6
15
80
25
74
76
8
88
88
33
32
38
85
107
74
34
95
54
32
42
5
46
32
100
70
13
105
97
61
24
57
88
39
72
39
99
61
33
91
45
75
1998
95
77
4
14
101
5
88
73
60
47
72
85
20
6
103
90
97
56
89
93
22
104
101
60
100
42
20
13
15
51
9
96
106
40
99
21
69
4
58
58
60
101
103
101
87
53
61
100
19
32
101
2
30
53
54
30
1986
8
38
95
68
68
88
50
71
32
96
68
80
29
74
24
74
72
23
100
86
28
15
29
97
64
79
63
90
60
99
8
48
17
13
36
100
42
44
72
68
63
107
27
4
43
48
32
103
31
81
90
78
17
24
17
107
10
1998
50
103
103
55
16
70
103
71
86
83
51
52
13
33
53
22
36
53
79
31
50
65
96
50
46
98
87
71
13
37
71
40
52
59
76
37
66
74
6
7
12
41
0
25
11
79
68
79
2
90
67
30
66
72
0
100
93
34
1999
77
4
91
12
38
86
86
5
78
18
33
102
63
95
101
95
37
49
87
27
91
84
67
36
34
56
80
43
29
79
64
37
20
48
48
18
64
103
14
19
15
81
3
53
66
76
68
74
74
78
84
92
51
12
33
38
10
72
25
1996
71
80
72
90
36
85
34
39
1
52
64
7
28
98
66
46
53
22
66
21
6
97
21
20
54
11
22
41
43
90
71
89
72
79
87
75
73
17
4
72
52
42
72
28
66
22
44
63
70
71
43
16
85
14
88
41
23
26
19
98
1999
33
38
28
22
88
84
44
32
20
79
31
28
82
51
65
74
31
43
3
80
49
44
52
48
31
5
90
47
12
89
6
38
26
78
66
64
37
13
93
17
18
64
39
39
14
13
28
53
18
74
60
39
90
67
34
31
39
12
22
75
19
1959
82
81
10
73
0
34
12
86
52
3
18
11
30
17
83
47
19
57
96
28
6
69
25
75
54
13
59
1
20
15
1
1
32
28
19
26
36
52
19
92
94
6
54
90
16
78
75
30
13
49
83
67
80
38
16
65
10
80
58
54
91
70
1957
58
40
79
46
70
84
77
95
56
40
5
51
64
63
18
74
85
40
82
30
87
57
69
40
4
87
74
86
94
13
27
41
71
2
34
7
49
38
4
45
70
79
83
14
88
51
71
43
44
75
96
48
5
75
49
67
38
56
68
75
73
55
92
1962
31
30
50
78
34
46
66
36
63
6
82
84
64
73
40
92
20
92
42
78
49
80
1
20
32
54
2
35
4
19
30
22
51
4
70
32
45
82
53
20
82
45
11
9
39
49
92
37
44
23
65
36
33
5
26
84
53
76
48
91
83
2
71
69
1996
22
74
64
79
58
14
28
90
19
88
50
24
50
61
65
75
3
3
49
46
62
7
68
64
86
64
41
29
24
60
72
37
87
63
15
93
21
92
60
9
45
2
35
76
42
64
40
5
62
93
54
55
48
82
91
17
60
53
66
62
68
57
76
85
83
1973
35
60
89
13
13
13
36
81
59
52
80
26
70
28
25
48
17
80
29
87
69
35
88
74
7
45
21
0
17
29
25
10
62
64
81
39
32
5
77
92
63
25
49
59
54
39
54
14
91
82
51
36
53
27
52
76
77
22
30
59
5
45
92
88
44
65
1999
5
77
77
72
58
10
58
19
0
34
76
30
80
38
44
22
38
8
76
77
25
55
80
6
9
6
47
19
69
0
1
52
29
61
46
9
60
2
21
90
19
29
27
81
62
9
39
69
11
27
30
1
12
82
64
54
16
74
38
51
36
43
55
5
52
91
65
1964
66
59
8
84
36
79
35
11
2
58
17
25
34
43
21
37
77
80
89
83
20
86
43
54
41
21
14
14
69
8
65
62
2
49
21
16
7
39
84
68
4
25
5
78
40
58
39
87
58
50
10
31
47
47
26
73
67
47
80
15
20
20
53
66
56
16
31
37
1989
9
71
88
36
73
35
5
11
83
1
63
70
17
5
37
68
25
74
13
12
86
10
43
2
68
20
73
81
66
23
3
33
63
44
4
42
88
50
12
24
34
43
0
52
13
8
25
9
42
13
17
87
18
17
34
60
13
41
22
75
37
59
56
20
76
34
63
87
75
1969
59
36
58
76
84
36
79
20
55
15
46
66
45
68
67
67
49
66
78
78
47
47
25
43
38
68
41
7
79
31
81
15
71
79
18
41
22
52
62
32
37
11
39
67
37
22
83
54
45
86
7
35
54
36
63
76
76
14
16
41
19
71
74
45
8
11
8
67
36
19
1989
26
14
19
47
64
62
27
67
66
62
14
46
35
21
87
28
54
9
84
78
35
45
33
80
51
16
56
59
60
47
39
1
33
77
65
48
73
51
9
3
68
3
57
74
48
79
25
27
50
67
66
73
29
42
41
42
69
86
69
77
41
9
37
1
51
37
70
79
27
36
78
1984
78
13
67
76
49
38
35
11
20
38
46
29
51
49
31
53
31
67
29
4
40
54
11
49
34
4
66
81
65
69
40
13
80
15
6
66
69
7
56
57
50
78
26
71
15
75
18
29
56
28
28
85
26
14
80
63
35
16
19
5
72
1
26
49
49
38
72
58
33
7
51
29
1997
48
37
42
60
25
34
74
6
73
35
68
6
63
21
36
40
35
57
18
46
70
65
69
71
76
22
77
53
41
48
14
22
76
9
66
2
26
10
38
49
72
36
57
42
80
15
47
40
3
54
7
67
84
75
13
80
59
79
19
77
17
63
62
36
48
58
33
32
43
30
71
0
42
1993
61
54
26
57
15
7
54
61
57
0
61
71
12
63
33
48
25
82
60
81
58
10
19
42
57
58
50
53
35
31
6
7
64
11
77
69
5
25
28
52
60
6
17
77
10
37
40
3
42
40
79
0
13
63
35
46
33
50
45
50
81
27
25
6
4
52
21
71
17
78
81
69
52
33
1999
43
15
76
2
37
11
53
38
70
43
20
70
54
45
37
21
57
69
0
43
9
43
80
0
10
14
57
5
0
15
27
21
78
46
59
67
2
79
48
20
70
53
49
31
69
7
24
36
48
26
44
20
78
15
43
9
67
58
40
8
33
14
13
7
4
1
19
55
28
82
61
46
2
8
82
1965
57
64
7
63
12
78
27
61
64
53
21
57
53
30
72
70
13
28
20
22
19
47
37
23
3
16
33
9
6
60
62
4
14
74
4
41
61
10
76
13
61
32
9
46
26
49
57
42
64
78
79
71
17
16
77
35
69
53
54
13
36
46
35
68
19
53
68
58
27
64
62
79
8
72
34
41
1997
0
22
25
37
36
56
14
78
49
75
51
40
17
76
59
47
73
63
42
67
20
29
80
10
10
63
32
60
16
64
48
0
80
76
0
0
58
47
60
46
52
36
40
19
10
27
37
47
5
67
52
5
72
66
58
65
13
52
69
39
19
28
4
67
14
77
61
79
32
46
68
56
54
3
27
14
80
1991
10
72
17
38
52
40
23
55
28
1
16
31
56
3
67
23
69
72
20
16
14
0
16
41
23
26
32
20
66
65
39
52
16
34
59
33
34
43
47
35
46
13
76
20
13
69
6
52
16
33
64
1
13
13
1
46
60
23
75
71
16
62
28
30
26
30
60
73
56
8
57
12
32
32
51
28
8
18
1967
66
70
46
43
61
20
64
53
47
51
45
24
55
53
70
2
1
72
31
45
11
44
56
17
19
33
48
3
64
66
30
31
73
46
60
24
65
24
28
4
15
70
48
22
70
71
20
60
6
62
16
3
48
77
8
61
75
1
28
30
50
75
14
69
58
11
67
56
0
7
71
56
70
10
9
58
8
38
4
1998
26
26
53
32
50
62
75
63
4
65
17
65
40
66
41
48
66
70
32
2
9
26
34
45
16
10
67
30
34
17
48
48
29
14
56
50
22
41
10
65
62
35
20
62
26
3
67
1
11
13
38
9
3
43
13
63
61
68
22
25
65
20
30
46
27
61
16
10
70
30
40
74
56
13
18
16
29
32
30
62
1995
16
71
51
56
52
58
17
72
15
15
6
60
1
45
31
57
26
29
2
54
64
28
54
71
18
43
6
48
55
18
18
71
55
39
56
29
76
31
67
19
30
12
75
65
48
27
69
26
48
67
36
3
14
52
43
4
45
32
27
62
31
45
61
69
48
69
68
20
6
5
25
38
1
75
7
72
24
53
75
48
67
1991
7
75
14
24
16
50
68
26
7
67
41
18
22
18
33
15
50
63
28
40
35
16
30
9
24
55
35
24
68
65
17
74
7
51
7
70
60
26
17
48
5
3
7
71
44
21
17
45
16
0
35
15
61
43
8
2
3
28
51
24
7
40
20
57
1
21
67
42
11
50
48
15
24
29
11
66
48
19
50
34
40
62
1956
30
14
73
73
5
71
11
49
11
61
50
51
62
42
43
37
37
6
2
68
11
63
68
73
73
8
42
4
11
14
74
6
53
15
39
71
33
60
31
16
35
3
32
62
37
63
32
13
22
58
13
19
71
62
46
30
11
9
41
61
33
68
71
65
51
64
36
48
15
32
72
22
2
11
11
18
51
70
46
23
18
59
1
1998
72
72
64
27
51
12
24
5
29
63
39
50
42
17
29
27
26
14
10
26
30
40
60
36
16
2
12
29
72
59
18
9
70
61
39
4
46
16
68
70
68
18
45
11
50
36
21
44
4
15
18
17
28
52
69
21
38
73
43
20
10
42
17
56
60
57
19
27
8
40
46
14
12
29
34
23
36
21
27
19
41
68
72
31
1994
43
28
65
49
2
46
54
37
72
48
24
2
62
50
21
37
0
61
40
57
58
71
26
31
65
25
50
51
36
22
68
13
36
5
21
18
45
67
11
54
71
34
51
62
64
49
29
35
41
18
51
58
38
22
72
57
45
10
1
15
36
68
44
38
35
18
63
44
17
62
45
53
37
63
70
39
54
52
55
15
60
28
39
40
65
1953
50
2
6
29
10
24
31
18
54
37
62
65
43
26
30
19
43
43
49
37
57
17
51
67
5
70
12
11
21
67
8
39
51
26
67
47
21
24
42
28
51
48
18
41
20
5
26
4
0
37
66
56
65
8
45
54
50
59
57
8
54
18
27
10
21
6
65
71
25
67
25
45
34
24
5
63
7
61
33
71
7
30
1
8
48
71
1998
59
36
57
30
45
9
45
29
9
37
17
31
10
4
61
38
16
35
62
45
23
60
7
65
8
26
20
36
13
15
42
62
18
60
46
58
36
8
35
14
55
39
39
63
34
51
15
26
67
34
68
16
0
45
19
65
39
59
60
9
36
29
26
14
3
1
61
53
1
55
59
5
57
0
6
13
12
18
22
65
52
57
17
69
64
25
45
1997
54
40
7
34
52
64
36
53
45
48
68
12
10
2
64
18
2
6
29
29
41
20
28
23
37
10
1
31
56
29
1
26
2
44
26
48
34
51
0
44
11
30
32
70
43
5
40
62
26
36
5
6
38
12
60
29
53
43
5
9
20
63
69
63
52
50
68
40
52
67
47
3
0
27
8
11
0
50
37
35
18
21
65
69
25
58
27
21
1991
9
13
64
51
13
33
27
61
54
9
28
2
47
46
52
44
56
28
46
1
37
0
54
44
13
62
39
24
52
66
43
32
32
52
32
3
53
39
55
3
61
44
45
37
65
50
15
10
37
29
44
53
1
51
48
14
5
58
67
60
29
2
35
3
66
16
36
44
50
8
27
45
55
41
60
48
6
18
29
31
31
60
66
32
67
29
26
43
52
1992
25
25
3
16
33
65
35
21
9
63
41
55
16
34
26
11
14
4
6
27
37
7
40
0
68
16
52
29
57
41
26
48
9
13
47
21
65
41
44
47
47
51
3
44
47
2
25
57
54
35
29
37
19
57
57
25
67
22
29
31
68
42
43
17
20
59
65
67
40
7
26
36
68
63
11
3
2
34
28
26
54
31
39
6
21
48
55
45
54
32
1999
37
30
50
63
57
6
51
33
26
68
42
26
66
29
32
10
16
15
29
34
36
41
17
44
18
21
23
45
23
12
7
33
54
25
25
52
67
16
60
34
42
44
47
62
36
29
68
60
39
5
5
46
54
64
37
30
33
67
29
50
32
56
61
50
35
9
29
34
64
55
66
32
51
2
31
64
18
36
20
52
24
49
42
57
36
18
10
15
67
26
58
1974
25
38
67
50
53
67
32
5
6
19
32
30
60
61
20
15
9
43
55
14
0
43
4
41
36
22
9
2
47
48
36
10
40
13
59
3
27
6
41
61
5
16
22
60
10
19
39
17
20
38
7
41
9
20
37
33
10
43
49
1
19
31
16
60
23
10
66
15
1
27
14
19
23
2
26
6
60
40
36
62
61
8
48
7
0
4
66
34
4
49
1
48
1946
46
14
12
30
30
17
18
31
2
59
66
9
0
20
35
63
29
23
19
15
0
25
54
21
7
24
31
52
9
64
65
2
62
1
12
65
13
47
0
16
45
55
43
33
50
49
65
32
16
0
46
50
13
2
45
42
60
31
62
58
0
44
19
53
30
45
10
0
15
42
47
36
29
27
7
1
6
46
48
62
47
8
29
48
45
14
37
32
17
9
13
26
31
1981
19
2
34
0
18
7
65
0
39
2
52
54
41
46
2
38
13
65
63
21
39
46
64
42
52
36
26
57
26
56
58
23
8
61
24
53
14
57
33
14
24
62
5
32
31
44
52
52
61
64
66
14
50
18
59
37
32
26
10
59
52
57
60
21
34
17
28
29
21
56
23
58
17
7
64
56
16
25
65
9
50
59
9
37
49
27
42
4
0
2
30
29
8
21
1993
39
20
45
20
51
28
28
21
12
52
48
33
59
45
28
45
41
43
22
37
34
9
38
33
35
32
32
33
3
44
0
41
30
3
41
47
46
9
30
18
19
55
18
34
13
9
6
45
21
61
13
54
24
30
52
56
18
25
59
14
17
28
24
60
45
59
22
53
25
58
40
53
32
28
49
42
46
8
25
32
64
53
58
39
33
40
34
41
1
7
42
36
10
16
37
1999
51
40
33
4
40
21
49
56
52
10
56
3
22
28
29
5
62
40
10
33
24
31
45
41
20
54
19
51
25
31
64
58
13
52
30
45
63
14
14
22
14
47
6
20
5
61
59
14
5
10
0
43
21
19
6
55
40
39
31
10
35
16
8
15
12
27
24
22
4
35
29
33
47
61
42
42
61
48
37
63
61
48
1
62
46
7
43
15
29
41
17
57
48
6
18
45
1999
40
41
3
35
20
63
2
32
26
15
29
45
45
28
29
52
7
25
15
22
46
3
43
60
6
59
42
8
21
17
38
35
30
5
9
43
4
59
36
18
7
9
9
7
17
20
36
27
59
19
43
48
3
42
62
36
6
27
10
18
33
42
46
39
53
41
15
45
10
33
48
41
33
35
20
36
6
50
42
11
20
13
32
59
1
51
54
60
57
2
35
15
22
3
36
25
14
1983
30
46
18
62
54
21
1
14
32
17
56
6
7
47
39
41
53
35
57
51
59
39
53
51
29
63
50
33
5
26
50
40
3
17
30
50
62
27
60
22
23
3
17
4
27
20
38
19
7
53
9
21
5
5
38
40
51
6
0
50
0
15
0
45
39
41
35
19
47
44
6
6
61
6
5
16
31
57
29
16
50
10
1
12
36
40
46
24
60
3
21
38
25
55
54
58
59
3
1998
